210582
222258
222520
222544
222546
222549
222555
222640
222656
222817
222828
222839
222876
222952
223402 
223459
223479
223510
223626
223747
223862
223876
223931
223968
223981
224005
224039
224085
224109
224140
224188
224234
224261
224359
224413
224455
224456
224472
224493
224611
224612
224620
224673
224674
224726
224754
224755
224837
224842
224897
224900
224962
224963
225109
225229
225230
225373
225409
225460
225577
225609
225610
225636
225640
225643
225756
225769
225770
225807
225836
225837
225879
226033
226831
226833
226863
226892
227157
227192
227356
228040
228041
228057
228287
228344
228592
228611
228721
228722
228788
228790
228801
228826
228843
228994
228995
229006
229125
229127
229164
229249
229301
229313
229436
229437
229443
229451
229472
229473
229484
229485
229517
229717
229737
229803
229831
229942
230149
230151
230287
230288
230362
230373
230385
231521
231606
231706
231799
231809
231829
231938
231940
232017
232109
232252
232319
232343
232721
232794
232821
232834
232841
232919
232975
232976
232982
233027
233041
233069
233088
233095
233156
233173
233174
233226
233425
233615
233654
233671
233740
233784
233785
233786
233846
233851
233875
233951
234135
234142
234286
234359
234402
234464
234728
235132
235138
235732
236373
236948
237016
237174
238055
238121
238848
238922
238987
197019
197066
197177
197071
197125
197109
197155
197189
197130
197021
197038
197131
197258
222554
