210582
222258
222546
222549
222656
222828
222876
222952
223459
223479
223510
223626
223747
223862
223876
223931
223981
224005
224085
224140
224188
224234
224359
224493
224612
224620
224673
224674
224754
224755
224837
224963
225109
225229
225230
225373
225409
225460
225577
225609
225610
225640
225643
225770
225807
225836
225837
226831
226833
226863
226892
227157
227192
228040
228057
228287
228592
228611
228722
228790
228826
228843
228994
228995
229006
229125
229164
229249
229301
229313
229436
229443
229451
229472
229484
229485
229517
229737
229831
230149
230151
230288
230362
230373
231606
232109
232252
232319
232343
197019
197066
197071
197109
197155
197189
197130
197021
197038
197131
